3002334866
3003299558
3003022596
3003299559
3002334871
3001656379
3002334821
3002334865
3002215662
3002904145
3002960383
3003219046
3003260389
3002520337
3002953893
3002545010
3001997908
3002758596
3003152854
3003152857
3002608319
3002199371
3002199352
3002199367
3002473940
3003152858
3002473938
3002199380
3003152856
3002199375
3002198034
3002503654
3002198067
3002625010
3002157459
3001880059
3002157465
3002157469
3001926299
3002357445
3002357431
3002236642
3002220465
3002331043
3002331033
3003184825
3003184818
3003191154
3003184827
3003184824
3003184826
3003198337
3003184823
3003184817
3003191155
3003228627
3002134368
3002134341
3002134366
3002134361
3003228099
3002533972
3002192304
3003228100
3002619504
3002218438
3002218452
3002214742
3003004042
3002533966
3003004039
3000218664
3002140100
3002140086
3003197908
3002339854
3002339914
3002339964
3002339861
3002140069
3002339956
3003248428
3002841122
3002351789
3002339983
3002222580
3002499107
3002156737
3003070001
3002499108
3002780194
3002140095
3002339886
3003278682
3002470089
3003276516
3003203490
3003089788
3003188100
3002806525
3002721615
3003089787
3002507703
3002894295
3002894297
3002222589
3002507718
3003203489
3003196568
3002575638
3001166010
3003203493
3002507714
3003203497
3002507691
3001914016
3002981114
3003282064
3002955484
3003081973
3002955504
3002955483
3003081972
3002140098
3002445007
3002339942
3002955503
3002194996
3003267062
3002218527
3002256891
3002938820
3002153551
3002445012
3002120922
3002256909
3002256880
3002256923
3003182059
3001913435
3002218423
3002252172
3002470088
3002153546
3002672403
3002475413
3001905125
3002000314
3002051736
3002000321
3002018569
3001652886
3002486242
3003059527
3002192344
3002685921
3002023448
3002427323
3002664650
3002427329
3001965270
3002000325
3001819687
3001755719
3003006642
3002194992
3001874620
3001874585
3001874613
3001714658
3003242818
3003118909
3002257105
3003205079
3002218609
3002218606
3002109892
3003273269
3001874570
3002942367
3001652699
3001913436
3002867254
3002583030
3002953381
3002427405
3002110692
3002583025
3002427339
3002583027
3003242918
3002942356
3002942366
3002955498
3001614350
3002927368
3002110724
